Accuracy: tensor(0.1004)
F1 score: tensor(0.1004)
Confusion matrix: tensor([[  0., 573.,  40., 260.,  17.,   9.,   0.,  79.,  17.,   5.],
        [  0., 612.,  43., 243.,   8.,   9.,   0.,  65.,  19.,   1.],
        [  0., 626.,  37., 229.,  15.,   8.,   0.,  78.,   7.,   0.],
        [  0., 601.,  44., 252.,   5.,   8.,   0.,  79.,  11.,   0.],
        [  0., 619.,  43., 211.,  12.,   8.,   0.,  93.,  13.,   1.],
        [  0., 604.,  49., 245.,  12.,   6.,   0.,  76.,   5.,   3.],
        [  0., 582.,  50., 270.,   4.,  11.,   0.,  68.,  11.,   4.],
        [  0., 619.,  50., 226.,   9.,  10.,   0.,  78.,   8.,   0.],
        [  0., 598.,  48., 260.,  10.,   8.,   0.,  68.,   7.,   1.],
        [  0., 612.,  38., 266.,   9.,   9.,   0.,  55.,  11.,   0.]])
